graph
10
4 6 8
5 6 9
4 7 9
5 7 8
0 2 5
1 3 4
0 1 7
2 3 6
0 3 9
1 2 8

graph
18
4 8 12
5 6 14
4 7 9
5 7 8
0 2 5
1 3 4
1 7 16
2 3 6
0 3 9
2 8 11
11 15 16
9 10 13
0 13 15
11 12 17
1 15 17
10 12 14
6 10 17
13 14 16

graph
18
4 8 12
6 14 16
4 7 9
5 7 8
0 2 5
3 4 14
1 7 10
2 3 6
0 3 9
2 8 11
6 11 17
9 10 13
0 13 15
11 12 16
1 5 15
12 14 17
1 13 17
10 15 16

graph
20
4 8 14
6 9 12
4 7 15
5 7 8
0 2 16
3 12 16
1 7 10
2 3 6
0 3 9
1 8 11
6 13 14
9 13 15
1 5 18
10 11 18
0 10 17
2 11 17
4 5 19
14 15 19
12 13 19
16 17 18

graph
22
3 8 14
6 18 20
4 7 9
0 7 12
2 5 10
4 15 20
1 7 8
2 3 6
0 6 9
2 8 11
4 13 21
9 13 16
3 17 19
10 11 19
0 15 21
5 14 17
11 17 18
12 15 16
1 16 19
12 13 18
1 5 21
10 14 20

graph
22
14 18 20
6 9 19
4 7 11
5 8 15
2 5 14
3 4 12
1 7 10
2 6 15
3 9 16
1 8 21
6 13 18
2 17 21
5 13 19
10 12 17
0 4 15
3 7 14
8 17 20
11 13 16
0 10 19
1 12 18
0 16 21
9 11 20

graph
26
3 10 22
5 13 16
4 7 9
0 5 7
2 5 10
1 3 4
7 8 24
2 3 6
6 9 12
2 8 15
0 4 11
10 13 20
8 17 25
1 11 25
19 21 22
9 18 21
1 17 24
12 16 19
15 19 23
14 17 18
11 21 23
14 15 20
0 14 23
18 20 22
6 16 25
12 13 24

graph
26
12 14 24
5 6 11
4 7 9
7 15 16
2 10 18
1 17 22
1 8 20
2 3 20
6 9 12
2 8 21
4 14 23
1 19 23
0 8 13
12 17 25
0 10 15
3 14 25
3 17 24
5 13 16
4 19 22
11 18 21
6 7 21
9 19 20
5 18 23
10 11 22
0 16 25
13 15 24

graph
26
3 14 24
6 11 18
4 7 9
0 7 12
2 5 20
4 12 22
1 7 8
2 3 6
6 9 14
2 8 11
13 17 24
1 9 13
3 5 25
10 11 15
0 8 15
13 14 25
18 21 22
10 19 21
1 16 19
17 18 23
4 21 23
16 17 20
5 16 23
19 20 22
0 10 25
12 15 24

graph
26
3 10 14
6 11 18
4 7 9
0 12 24
2 20 25
12 22 25
1 7 8
2 6 24
6 9 14
2 8 11
0 13 17
1 9 13
3 5 15
10 11 15
0 8 15
12 13 14
18 21 22
10 19 21
1 16 19
17 18 23
4 21 23
16 17 20
5 16 23
19 20 22
3 7 25
4 5 24

graph
26
3 14 24
6 11 18
4 7 9
0 7 12
2 17 20
12 19 21
1 7 8
2 3 6
6 9 14
2 8 11
13 17 24
1 9 13
3 5 25
10 11 15
0 8 15
13 14 25
18 21 22
4 10 22
1 16 19
5 18 23
4 21 23
5 16 20
16 17 23
19 20 22
0 10 25
12 15 24

graph
26
10 14 22
6 11 16
4 7 9
12 18 22
2 17 19
12 16 19
1 8 24
2 18 24
6 9 14
2 8 25
0 13 17
1 13 25
3 5 15
10 11 23
0 8 15
12 14 23
1 5 20
4 10 20
3 7 21
4 5 21
16 17 21
18 19 20
0 3 23
13 15 22
6 7 25
9 11 24

graph
26
3 8 14
6 11 18
15 20 22
0 12 23
10 16 24
12 16 18
1 7 8
6 21 25
0 6 19
11 15 19
4 13 14
1 9 17
3 5 13
10 12 17
0 10 15
2 9 14
4 5 17
11 13 16
1 5 19
8 9 18
2 21 24
7 20 23
2 23 25
3 21 22
4 20 25
7 22 24

graph
26
3 14 22
6 18 20
4 9 23
0 7 12
2 10 24
15 20 24
1 7 8
3 6 23
6 9 22
2 8 11
4 13 21
9 13 16
3 17 19
10 11 19
0 15 25
5 14 17
11 17 18
12 15 16
1 16 19
12 13 18
1 5 21
10 20 25
0 8 23
2 7 22
4 5 25
14 21 24

graph
26
3 10 20
5 11 24
16 18 22
0 7 25
5 17 18
1 4 12
7 8 24
3 6 14
6 9 20
8 11 22
0 13 15
1 9 21
5 13 25
10 12 21
7 16 19
10 17 19
2 14 17
4 15 16
2 4 19
14 15 18
0 8 23
11 13 23
2 9 23
20 21 22
1 6 25
3 12 24

graph
26
3 10 22
5 6 11
4 9 18
0 7 12
2 15 17
1 12 17
1 7 24
3 6 14
9 20 24
2 8 11
0 13 19
1 9 25
3 5 23
10 21 23
7 15 16
4 14 19
14 17 18
4 5 16
2 16 19
10 15 18
8 21 22
13 20 25
0 20 23
12 13 22
6 8 25
11 21 24

graph
26
3 10 20
6 11 24
4 9 18
0 12 23
2 15 17
12 17 22
1 7 8
6 23 25
6 9 20
2 8 11
0 13 19
1 9 13
3 5 21
10 11 21
15 16 25
4 14 19
14 17 18
4 5 16
2 16 19
10 15 18
0 8 21
12 13 20
5 23 24
3 7 22
1 22 25
7 14 24

graph
26
3 12 13
6 9 24
4 9 25
0 5 7
2 5 10
3 4 24
1 7 8
3 6 25
6 12 14
1 2 15
4 11 13
10 15 18
0 8 17
0 10 19
8 15 16
9 11 14
14 20 22
12 21 22
11 20 23
13 21 23
16 18 21
17 19 20
16 17 23
18 19 22
1 5 25
2 7 24

graph
26
8 12 18
5 6 14
7 9 20
7 8 19
5 20 24
1 4 23
1 7 16
2 3 6
0 3 9
2 8 11
11 15 16
9 10 13
0 13 15
11 12 17
1 15 17
10 12 14
6 10 17
13 14 16
0 19 22
3 18 25
2 4 21
20 23 25
18 23 24
5 21 22
4 22 25
19 21 24

graph
26
8 12 18
5 6 14
4 7 9
7 8 20
2 5 22
1 4 24
1 7 16
2 3 6
0 3 9
2 8 11
11 15 16
9 10 13
0 13 15
11 12 17
1 15 17
10 12 14
6 10 17
13 14 16
0 19 21
18 23 24
3 21 23
18 20 25
4 23 25
19 20 22
5 19 25
21 22 24

graph
26
8 12 22
5 6 14
4 7 9
5 7 21
2 5 18
1 3 4
1 7 16
2 3 6
0 21 24
2 11 19
11 15 16
9 10 13
0 13 15
11 12 17
1 15 17
10 12 14
6 10 17
13 14 16
4 19 25
9 18 23
21 22 25
3 8 20
0 20 23
19 22 24
8 23 25
18 20 24

graph
26
8 12 22
5 6 14
4 7 9
5 7 8
2 5 20
1 3 4
1 7 16
2 3 6
0 3 24
2 11 19
11 15 16
9 10 13
0 13 15
11 12 17
1 15 17
10 12 14
6 10 17
13 14 16
19 20 25
9 18 23
4 18 21
20 23 24
0 23 25
19 21 22
8 21 25
18 22 24

graph
26
4 12 22
5 6 14
7 9 21
5 7 8
0 21 24
1 3 19
1 7 16
2 3 6
3 9 18
2 8 11
11 15 16
9 10 13
0 13 15
11 12 17
1 15 17
10 12 14
6 10 17
13 14 16
8 19 25
5 18 23
21 22 25
2 4 20
0 20 23
19 22 24
4 23 25
18 20 24

graph
26
4 8 12
5 6 22
4 7 9
5 7 8
0 2 5
1 3 4
1 21 24
2 3 21
0 3 9
2 8 11
11 15 16
9 10 13
0 13 15
11 12 17
15 17 18
10 12 14
10 17 19
13 14 16
14 19 25
16 18 23
21 22 25
6 7 20
1 20 23
19 22 24
6 23 25
18 20 24

graph
26
4 8 12
5 6 22
4 7 9
5 7 8
0 2 5
1 3 4
1 21 24
2 3 19
0 3 9
2 8 11
11 15 16
9 10 13
0 13 15
11 12 17
15 17 18
10 12 14
10 17 21
13 14 16
14 19 25
7 18 23
21 22 25
6 16 20
1 20 23
19 22 24
6 23 25
18 20 24

graph
26
4 8 12
5 6 14
4 9 20
5 7 22
0 2 5
1 3 4
1 7 16
3 6 24
0 9 19
2 8 11
11 15 16
9 10 13
0 13 15
11 12 17
1 15 17
10 12 14
6 10 17
13 14 16
19 23 24
8 18 21
2 21 23
19 20 25
3 23 25
18 20 22
7 18 25
21 22 24

graph
26
4 8 12
5 6 14
4 9 20
7 8 24
0 2 5
1 4 19
1 7 16
3 6 22
0 3 9
2 8 11
11 15 16
9 10 13
0 13 15
11 12 17
1 15 17
10 12 14
6 10 17
13 14 16
19 20 25
5 18 23
2 18 21
20 23 24
7 23 25
19 21 22
3 21 25
18 22 24

graph
26
4 8 12
5 6 14
4 9 18
7 22 24
0 2 5
1 4 19
1 7 16
3 6 21
0 9 20
2 8 11
11 15 16
9 10 13
0 13 15
11 12 17
1 15 17
10 12 14
6 10 17
13 14 16
2 19 23
5 18 24
8 21 22
7 20 25
3 20 23
18 22 25
3 19 25
21 23 24

graph
26
8 12 20
5 6 14
4 9 22
5 7 8
2 20 24
1 3 19
1 7 16
3 6 18
0 3 9
2 8 11
11 15 16
9 10 13
0 13 15
11 12 17
1 15 17
10 12 14
6 10 17
13 14 16
7 19 25
5 18 23
0 4 21
20 22 25
2 21 23
19 22 24
4 23 25
18 21 24

graph
26
4 8 12
5 6 14
4 9 22
5 7 8
0 2 24
1 3 21
1 7 16
3 6 18
0 3 9
2 8 11
11 15 16
9 10 13
0 13 15
11 12 17
1 15 17
10 12 14
6 10 17
13 14 16
7 19 20
18 23 24
18 21 25
5 20 23
2 23 25
19 21 22
4 19 25
20 22 24

graph
26
4 8 12
5 6 20
4 7 9
5 7 8
0 2 5
1 3 4
1 7 16
2 3 6
0 3 9
2 8 11
11 15 16
9 10 13
0 13 15
11 12 14
13 17 24
10 12 17
6 10 19
14 15 22
20 23 24
16 21 23
1 18 21
19 20 25
17 23 25
18 19 22
14 18 25
21 22 24

graph
26
4 8 12
5 6 14
4 7 9
5 7 8
0 2 5
1 3 4
1 7 24
2 3 6
0 3 9
2 8 11
15 16 24
9 13 18
0 15 19
11 20 22
1 15 25
10 12 14
10 17 21
16 22 25
11 19 23
12 18 20
13 19 21
16 20 23
13 17 23
18 21 22
6 10 25
14 17 24

graph
26
4 8 12
5 14 24
4 7 9
5 7 8
0 2 5
1 3 4
7 10 22
2 3 6
0 3 9
2 8 11
6 11 25
9 10 16
0 13 17
12 16 20
1 15 18
14 23 25
11 13 19
12 19 21
14 19 20
16 17 18
13 18 21
17 20 23
6 23 24
15 21 22
1 22 25
10 15 24

graph
26
4 8 12
5 14 22
4 7 9
5 7 8
0 2 5
1 3 4
7 10 22
2 3 6
0 3 9
2 8 11
6 11 15
9 10 16
0 13 17
12 16 24
1 15 18
10 14 23
11 13 19
12 21 25
14 19 20
16 18 25
18 21 24
17 20 23
1 6 23
15 21 22
13 20 25
17 19 24

graph
26
4 8 12
5 14 16
4 7 9
5 7 8
0 2 5
1 3 4
7 16 24
2 3 6
0 3 9
2 8 11
18 22 24
9 13 20
0 13 17
11 12 19
1 15 19
14 20 22
1 6 23
12 18 25
10 17 21
13 14 21
11 15 21
18 19 20
10 15 23
16 22 25
6 10 25
17 23 24

graph
26
8 12 18
5 14 20
7 22 24
5 8 19
5 18 21
1 3 4
7 16 25
2 6 19
0 3 9
8 11 22
12 15 16
9 13 15
0 10 13
11 12 17
1 15 17
10 11 14
6 10 17
13 14 16
0 4 19
3 7 18
1 21 23
4 20 24
2 9 23
20 22 25
2 21 25
6 23 24

graph
26
4 8 12
5 20 22
7 9 24
5 7 25
0 5 24
1 3 4
7 21 22
2 3 6
0 9 25
2 8 11
12 15 16
9 13 15
0 10 13
11 12 17
15 17 18
10 11 14
10 17 19
13 14 16
14 20 23
16 21 23
1 18 21
6 19 20
1 6 23
18 19 22
2 4 25
3 8 24

graph
26
4 8 12
14 18 22
7 20 24
7 8 25
0 5 19
4 21 22
7 16 18
2 3 6
0 3 9
8 11 24
12 15 16
9 13 15
0 10 13
11 12 17
1 15 17
10 11 14
6 10 17
13 14 16
1 6 19
4 18 23
2 21 23
5 20 25
1 5 23
19 20 22
2 9 25
3 21 24

graph
26
4 8 18
6 17 24
4 7 9
5 7 8
0 2 5
3 4 14
1 7 10
2 3 6
0 3 9
2 8 11
6 11 22
9 10 13
13 15 21
11 12 23
5 15 17
12 14 22
17 21 25
1 14 16
0 19 25
18 20 23
19 21 24
12 16 20
10 15 23
13 19 22
1 20 25
16 18 24

graph
26
4 8 18
6 17 20
4 7 9
5 7 8
0 2 5
3 4 14
1 7 10
2 3 6
0 3 9
2 8 11
6 11 22
9 10 24
13 15 21
12 23 24
5 15 17
12 14 25
17 18 21
1 14 16
0 16 19
18 20 23
1 19 21
12 16 20
10 23 25
13 19 22
11 13 25
15 22 24

graph
26
4 8 16
17 20 22
4 7 9
5 7 8
0 2 5
3 4 14
7 10 22
2 3 6
0 3 9
2 8 11
6 15 24
9 13 24
13 15 25
11 12 18
5 15 17
10 12 14
0 21 25
1 14 19
13 19 20
17 18 23
1 18 21
16 20 23
1 6 23
19 21 22
10 11 25
12 16 24

graph
26
4 8 16
6 20 24
4 7 9
5 7 8
0 2 5
3 4 14
1 7 23
2 3 6
0 3 9
2 8 11
11 19 25
9 10 13
13 15 16
11 12 20
5 15 17
12 14 19
0 12 17
14 16 18
17 19 22
10 15 18
1 13 21
20 23 25
18 23 24
6 21 22
1 22 25
10 21 24

graph
26
4 8 16
6 13 20
4 7 9
5 7 8
0 2 5
3 4 14
1 7 10
2 3 6
0 3 9
2 8 11
6 11 15
9 10 13
13 15 16
1 11 12
5 19 24
10 12 19
0 12 17
16 18 22
17 20 25
14 15 23
1 18 21
20 22 24
17 21 23
19 22 25
14 21 25
18 23 24

graph
26
4 8 16
13 17 20
4 7 9
5 7 8
0 2 5
3 4 14
7 21 22
2 3 6
0 3 9
2 8 11
15 19 23
9 13 19
13 15 16
1 11 12
5 15 17
10 12 14
0 12 17
1 14 16
20 22 24
10 11 24
1 18 21
6 20 25
6 18 23
10 22 25
18 19 25
21 23 24

graph
26
4 8 16
13 17 20
4 7 9
5 7 8
0 2 5
3 4 14
7 10 24
2 3 6
0 3 9
2 8 11
6 15 22
9 13 19
13 15 16
1 11 12
5 15 17
10 12 14
0 12 17
1 14 16
20 23 24
11 21 23
1 18 21
19 20 25
10 23 25
18 19 22
6 18 25
21 22 24

graph
26
4 8 16
13 17 18
4 7 9
5 7 8
0 2 5
3 4 14
7 20 22
2 3 6
0 3 9
2 8 11
21 22 24
9 13 19
13 15 16
1 11 12
5 15 17
12 14 21
0 12 17
1 14 16
1 19 23
11 18 24
6 21 25
10 15 20
6 10 23
18 22 25
10 19 25
20 23 24

graph
26
8 12 20
6 14 24
4 7 9
5 7 17
2 5 18
3 4 14
1 7 10
2 3 6
0 9 22
2 8 11
6 11 25
9 10 13
0 13 15
11 12 24
1 5 15
12 14 25
17 18 23
3 16 21
4 16 19
18 21 22
0 21 23
17 19 20
8 19 23
16 20 22
1 13 25
10 15 24

graph
26
8 12 16
6 13 14
7 9 20
5 7 17
20 22 24
3 14 18
1 7 10
2 3 6
0 9 17
2 8 11
6 11 15
9 10 13
0 13 15
1 11 12
1 5 15
10 12 14
0 21 22
3 8 19
5 19 24
17 18 23
2 4 21
16 20 25
4 16 23
19 22 25
4 18 25
21 23 24

graph
26
8 12 16
6 13 14
4 7 9
5 7 17
2 18 24
3 14 18
1 7 10
2 3 6
0 9 17
2 8 11
6 11 15
9 10 13
0 13 15
1 11 12
1 5 15
10 12 14
0 19 20
3 8 21
4 5 22
16 21 25
16 23 24
17 19 23
18 23 25
20 21 22
4 20 25
19 22 24

graph
26
8 12 16
6 14 22
7 9 18
7 8 20
5 16 24
4 14 19
1 7 10
2 3 6
0 3 9
2 8 11
6 11 23
9 10 13
0 13 15
11 12 22
1 5 15
12 14 23
0 4 17
16 20 25
2 19 21
5 18 25
3 17 21
18 20 24
1 13 23
10 15 22
4 21 25
17 19 24

graph
26
8 12 16
6 14 24
7 9 18
7 8 17
5 18 22
4 14 21
1 7 10
2 3 6
0 3 9
2 8 11
6 11 25
9 10 13
0 13 15
11 12 24
1 5 15
12 14 25
0 17 20
3 16 23
2 4 19
18 21 23
16 21 22
5 19 20
4 20 23
17 19 22
1 13 25
10 15 24

graph
26
8 12 16
6 14 24
4 7 9
7 8 18
2 5 22
4 14 20
1 7 10
2 3 6
0 3 9
2 8 11
6 11 25
9 10 13
0 13 15
11 12 24
1 5 15
12 14 25
0 17 21
16 18 23
3 17 19
18 21 22
5 21 23
16 19 20
4 19 23
17 20 22
1 13 25
10 15 24

graph
26
8 12 18
6 14 24
4 7 9
5 8 20
2 5 16
3 4 14
1 7 10
2 6 22
0 3 9
2 8 11
6 11 25
9 10 13
0 13 15
11 12 24
1 5 15
12 14 25
4 17 21
16 19 22
0 19 23
17 18 20
3 19 21
16 20 23
7 17 23
18 21 22
1 13 25
10 15 24

graph
26
8 12 18
6 13 14
7 9 24
5 20 25
5 16 24
3 4 14
1 7 10
2 6 22
0 9 25
2 8 11
6 11 15
9 10 13
0 13 15
1 11 12
1 5 15
10 12 14
4 17 21
16 19 22
0 19 23
17 18 20
3 19 21
16 20 23
7 17 23
18 21 22
2 4 25
3 8 24

graph
26
12 16 24
6 13 14
7 9 20
5 19 21
5 16 20
3 4 14
1 7 10
2 6 23
9 18 21
2 8 11
6 11 15
9 10 13
0 13 15
1 11 12
1 5 15
10 12 14
0 4 17
16 23 25
8 19 22
3 18 25
2 4 21
3 8 20
18 23 24
7 17 22
0 22 25
17 19 24

graph
26
12 18 24
6 13 14
7 9 20
5 21 22
5 20 23
3 4 14
1 7 10
2 6 17
9 18 21
2 8 11
6 11 15
9 10 13
0 13 15
1 11 12
1 5 15
10 12 14
17 23 24
7 16 19
0 8 19
17 18 25
2 4 21
3 8 20
3 23 25
4 16 22
0 16 25
19 22 24

graph
26
12 18 22
6 13 14
4 7 9
5 8 20
2 5 21
3 4 24
1 7 10
2 6 17
3 9 18
2 8 11
6 11 15
9 10 13
0 13 15
1 11 12
1 15 24
10 12 14
17 21 22
7 16 19
0 8 19
17 18 23
3 23 25
4 16 25
0 16 23
19 20 22
5 14 25
20 21 24

graph
26
12 16 22
6 13 14
4 18 24
8 17 23
2 16 21
14 21 23
1 7 10
6 17 24
3 9 20
8 11 18
6 11 15
9 10 13
0 13 15
1 11 12
1 5 15
10 12 14
0 4 25
3 7 19
2 9 19
17 18 25
8 21 22
4 5 20
0 20 23
3 5 22
2 7 25
16 19 24

graph
26
4 8 12
6 14 20
4 7 9
5 7 8
0 2 5
3 4 14
1 7 10
2 3 6
0 3 9
2 8 11
6 11 19
9 10 13
0 13 15
11 12 16
1 5 15
12 14 17
13 17 22
15 16 24
19 20 25
10 18 23
1 18 21
20 23 24
16 23 25
19 21 22
17 21 25
18 22 24

graph
26
4 8 12
6 14 18
4 7 9
5 7 8
0 2 5
3 4 14
1 7 10
2 3 6
0 3 9
2 8 11
6 17 20
9 13 24
0 13 15
11 12 16
1 5 15
12 14 17
13 17 22
10 15 16
1 19 21
18 23 24
10 21 23
18 20 25
16 23 25
19 20 22
11 19 25
21 22 24

graph
26
4 8 12
5 18 20
4 7 9
5 7 8
0 2 5
1 3 4
7 10 19
2 3 6
0 3 9
2 8 11
6 11 17
9 10 13
0 13 15
11 12 16
15 19 22
12 14 17
13 17 21
10 15 16
1 23 24
6 14 24
1 21 25
16 20 23
14 23 25
18 21 22
18 19 25
20 22 24

graph
26
4 8 12
5 18 22
4 7 9
5 7 8
0 2 5
1 3 4
7 10 19
2 3 6
0 3 9
2 8 11
6 11 17
9 10 13
0 13 15
11 12 16
19 20 24
12 17 20
13 17 18
10 15 16
1 16 25
6 14 23
14 15 21
20 23 25
1 23 24
19 21 22
14 22 25
18 21 24

graph
26
4 8 12
5 14 22
4 7 9
5 7 8
0 2 5
1 3 4
7 10 14
2 3 6
0 3 9
2 8 11
6 11 17
9 10 13
0 13 15
11 12 16
1 6 24
12 17 19
13 17 21
10 15 16
19 21 25
15 18 20
19 23 24
16 18 23
1 23 25
20 21 22
14 20 25
18 22 24

graph
26
4 8 12
18 20 22
7 9 24
5 7 25
0 5 24
3 4 18
7 10 14
2 3 6
0 9 25
2 8 11
6 11 15
9 10 13
0 13 15
11 12 16
6 19 20
10 12 17
13 17 22
15 16 21
1 5 19
14 18 23
1 14 21
17 20 23
1 16 23
19 21 22
2 4 25
3 8 24

graph
26
4 8 12
18 20 22
4 7 9
5 7 8
0 2 5
3 4 18
7 10 14
2 3 6
0 3 9
2 8 11
6 11 24
9 10 13
0 13 15
11 12 25
6 19 20
12 17 24
17 22 25
15 16 21
1 5 19
14 18 23
1 14 21
17 20 23
1 16 23
19 21 22
10 15 25
13 16 24

graph
26
4 8 20
16 22 24
4 7 9
5 7 8
0 2 5
3 4 22
7 10 14
2 3 6
0 3 9
2 8 11
6 11 18
9 10 13
15 17 20
11 19 24
6 15 16
12 14 18
1 14 17
12 16 25
10 15 21
13 21 23
0 12 21
18 19 20
1 5 23
19 22 25
1 13 25
17 23 24

graph
26
4 8 12
5 14 22
4 7 9
5 7 8
0 2 5
1 3 4
7 10 14
2 3 6
0 3 9
2 8 11
6 16 24
9 20 24
0 15 17
17 18 22
1 6 25
12 16 25
10 15 19
12 13 21
13 19 20
16 18 21
11 18 23
17 19 23
1 13 23
20 21 22
10 11 25
14 15 24

graph
26
4 8 12
5 14 22
4 7 9
5 7 8
0 2 5
1 3 4
16 18 20
2 3 16
0 3 9
2 8 11
12 20 24
9 15 25
0 10 13
12 22 25
1 17 18
11 19 23
6 7 17
14 16 21
6 14 19
15 18 21
6 10 21
17 19 20
1 13 23
15 22 24
10 23 25
11 13 24

graph
26
4 8 20
5 13 14
4 7 9
5 7 8
0 2 5
1 3 4
7 10 14
2 3 6
0 3 9
2 8 11
6 15 16
9 15 17
16 20 24
1 18 22
1 6 19
10 11 19
10 12 21
11 18 25
13 17 19
14 15 18
0 12 23
16 23 25
13 23 24
20 21 22
12 22 25
17 21 24

graph
26
16 18 24
11 13 14
7 20 22
7 23 25
5 20 24
4 14 19
7 13 15
2 3 6
9 18 23
8 11 17
11 12 15
1 9 10
10 13 16
1 6 12
1 5 15
6 10 14
0 12 21
9 21 22
0 8 19
5 18 25
2 4 21
16 17 20
2 17 23
3 8 22
0 4 25
3 19 24

graph
26
16 18 24
11 13 14
7 20 22
7 21 23
5 22 24
4 14 19
7 13 15
2 3 6
9 18 21
8 11 17
11 12 15
1 9 10
10 13 16
1 6 12
1 5 15
6 10 14
0 12 17
9 16 20
0 8 19
5 18 25
2 17 21
3 8 20
2 4 23
3 22 25
0 4 25
19 23 24

graph
26
4 16 18
11 13 14
7 20 22
5 7 23
0 5 24
3 4 19
7 13 15
2 3 6
9 18 23
8 11 17
11 12 15
1 9 10
10 13 25
1 6 12
1 15 19
6 10 14
0 21 25
9 21 22
0 8 19
5 14 18
2 21 24
16 17 20
2 17 23
3 8 22
4 20 25
12 16 24

graph
26
4 16 24
11 13 14
7 17 22
8 20 25
0 5 22
4 19 25
7 13 15
2 6 20
3 9 18
8 11 21
11 12 15
1 9 10
10 13 16
1 6 12
1 15 19
6 10 14
0 12 17
2 16 21
8 19 24
5 14 18
3 7 23
9 17 23
2 4 23
20 21 22
0 18 25
3 5 24

graph
26
4 16 24
11 13 14
4 7 17
8 20 25
0 2 5
4 19 25
7 13 15
2 6 20
3 9 22
8 11 21
11 12 15
1 9 10
10 13 16
1 6 12
1 15 19
6 10 14
0 12 17
2 16 21
19 22 24
5 14 18
3 7 23
9 17 23
8 18 23
20 21 22
0 18 25
3 5 24

graph
26
4 16 18
11 13 14
7 17 24
5 8 20
0 5 24
3 4 19
7 13 15
2 6 20
3 9 22
8 11 21
11 12 15
1 9 10
10 13 25
1 6 12
1 15 19
6 10 14
0 17 25
2 16 21
0 19 22
5 14 18
3 7 23
9 17 23
8 18 23
20 21 22
2 4 25
12 16 24

graph
26
16 20 24
11 13 14
4 7 18
5 7 19
2 5 22
3 4 14
7 13 15
2 3 6
9 19 20
8 11 17
11 12 15
1 9 10
10 13 16
1 6 12
1 5 15
6 10 14
0 12 23
9 18 25
2 17 19
3 8 18
0 8 21
20 23 25
4 23 24
16 21 22
0 22 25
17 21 24

graph
26
8 12 18
11 14 22
17 20 24
5 7 8
5 19 21
3 4 14
7 13 15
3 6 20
0 3 9
8 11 17
11 12 23
1 9 10
0 10 13
6 12 22
1 5 15
6 14 23
17 18 25
2 9 16
0 16 19
4 18 24
2 7 21
4 20 25
1 13 23
10 15 22
2 19 25
16 21 24

graph
26
8 12 18
11 14 24
7 17 20
5 7 8
5 19 21
3 4 14
7 13 15
2 3 6
0 3 9
8 11 17
11 12 25
1 9 10
0 10 13
6 12 24
1 5 15
6 14 25
18 21 22
2 9 22
0 16 19
4 18 23
2 21 23
4 16 20
16 17 23
19 20 22
1 13 25
10 15 24

graph
26
8 12 18
11 13 14
7 20 24
5 7 25
5 19 21
3 4 14
7 13 15
2 3 6
0 9 25
8 11 17
11 12 15
1 9 10
0 10 13
1 6 12
1 5 15
6 10 14
18 21 22
9 22 24
0 16 19
4 18 23
2 21 23
4 16 20
16 17 23
19 20 22
2 17 25
3 8 24

graph
26
8 12 18
11 14 24
4 7 20
5 7 8
2 5 22
3 4 14
7 13 15
2 3 6
0 3 9
8 11 17
11 12 25
1 9 10
0 10 13
6 12 24
1 5 15
6 14 25
18 21 22
9 19 21
0 16 19
17 18 23
2 21 23
16 17 20
4 16 23
19 20 22
1 13 25
10 15 24

graph
26
8 12 18
11 13 14
7 20 24
5 7 25
5 22 24
3 4 14
7 13 15
2 3 6
0 9 25
8 11 17
11 12 15
1 9 10
0 10 13
1 6 12
1 5 15
6 10 14
18 21 22
9 19 21
0 16 19
17 18 23
2 21 23
16 17 20
4 16 23
19 20 22
2 4 25
3 8 24

graph
26
8 12 16
11 14 24
7 18 22
5 8 17
5 16 20
3 4 14
7 13 15
2 6 21
0 3 9
8 11 18
11 12 25
1 9 10
0 10 13
6 12 24
1 5 15
6 14 25
0 4 17
3 16 23
2 9 19
18 21 23
4 21 22
7 19 20
2 20 23
17 19 22
1 13 25
10 15 24

graph
26
4 8 24
13 14 20
4 7 9
5 7 8
0 2 5
3 4 14
7 13 16
2 3 6
0 3 9
2 8 11
11 17 21
9 10 18
17 19 24
1 6 22
1 5 15
14 16 21
6 15 23
10 12 23
11 19 20
12 18 22
1 18 21
10 15 20
13 19 25
16 17 25
0 12 25
22 23 24

graph
26
4 8 12
14 20 24
4 7 9
5 7 8
0 2 5
3 4 14
7 13 16
2 3 6
0 3 9
2 8 11
11 17 21
9 10 18
0 17 19
6 22 24
1 5 15
14 16 21
6 15 23
10 12 23
11 20 25
12 22 25
1 18 21
10 15 20
13 19 23
16 17 22
1 13 25
18 19 24

graph
26
4 8 12
14 20 22
4 7 9
5 7 8
0 2 5
3 4 14
7 13 16
2 3 6
0 3 9
2 8 11
11 17 23
9 10 18
0 17 19
6 20 24
1 5 15
14 21 23
6 21 25
10 12 25
11 19 22
12 18 24
1 13 21
15 16 20
1 18 23
10 15 22
13 19 25
16 17 24

graph
26
4 8 12
11 18 20
7 9 24
5 7 25
0 5 24
3 4 14
7 16 22
2 3 6
0 9 25
2 8 11
11 15 21
1 9 10
0 13 17
12 18 22
5 15 20
10 14 16
6 15 17
12 16 23
1 13 19
18 21 23
1 14 21
10 19 20
6 13 23
17 19 22
2 4 25
3 8 24

graph
26
8 12 18
5 11 14
7 20 22
5 7 8
5 18 23
1 3 4
7 13 15
2 3 6
0 3 9
8 11 21
12 15 16
1 9 16
0 10 13
6 12 17
1 15 17
6 10 14
10 11 17
13 14 16
0 4 24
21 22 24
2 21 25
9 19 20
2 19 23
4 22 25
18 19 25
20 23 24

graph
26
8 12 18
5 11 14
7 20 22
5 7 8
21 22 24
1 3 21
7 13 15
2 3 6
0 3 9
8 11 19
12 15 16
1 9 16
0 10 13
6 12 17
1 15 17
6 10 14
10 11 17
13 14 16
0 19 24
9 18 23
2 21 25
4 5 20
2 4 23
19 22 25
4 18 25
20 23 24

graph
26
8 12 24
5 14 22
7 21 23
8 19 25
5 18 21
1 4 25
7 13 15
2 6 19
0 3 9
8 11 23
12 15 16
9 16 20
0 10 13
6 12 17
1 15 17
6 10 14
10 11 17
13 14 16
4 19 24
3 7 18
11 21 22
2 4 20
1 20 23
2 9 22
0 18 25
3 5 24

graph
26
8 10 12
14 16 22
7 13 15
7 8 20
5 12 17
4 20 22
10 14 18
2 3 24
0 3 9
8 11 13
0 6 11
9 10 16
0 4 13
2 9 12
1 6 25
2 19 25
1 11 21
4 19 23
6 19 24
15 17 18
3 5 21
16 20 23
1 5 23
17 21 22
7 18 25
14 15 24

graph
26
14 22 24
5 6 11
4 9 25
5 7 8
2 5 16
1 3 4
1 7 10
3 6 17
3 19 23
2 11 21
6 13 14
1 9 13
13 18 20
10 11 12
0 10 15
14 17 25
4 17 24
7 15 16
12 19 22
8 18 21
12 21 23
9 19 20
0 18 23
8 20 22
0 16 25
2 15 24

graph
26
14 16 22
5 11 24
4 9 15
5 7 8
2 5 16
1 3 4
7 10 24
3 6 17
3 19 23
2 11 21
6 13 14
1 9 13
18 20 25
10 11 25
0 10 15
2 14 17
0 4 17
7 15 16
12 19 22
8 18 21
12 21 23
9 19 20
0 18 23
8 20 22
1 6 25
12 13 24

graph
26
14 16 22
5 6 11
4 9 15
5 7 8
2 16 24
1 3 24
1 7 10
3 6 17
3 19 23
2 21 25
6 13 14
1 13 25
13 18 20
10 11 12
0 10 15
2 14 17
0 4 17
7 15 16
12 19 22
8 18 21
12 21 23
9 19 20
0 18 23
8 20 22
4 5 25
9 11 24

graph
26
8 20 24
5 6 13
4 7 11
5 7 8
2 14 16
1 3 16
1 17 18
2 3 17
0 3 21
11 15 19
11 12 18
2 9 10
10 13 20
1 12 19
4 15 22
9 14 25
4 5 17
6 7 16
6 10 19
9 13 18
0 12 23
8 23 25
14 23 24
20 21 22
0 22 25
15 21 24

graph
26
8 12 22
5 6 13
4 7 11
5 7 8
2 14 16
1 3 16
1 17 18
2 3 17
0 3 24
11 19 21
11 12 18
2 9 10
0 10 13
1 12 19
4 20 23
21 23 24
4 5 17
6 7 16
6 10 19
9 13 18
14 21 25
9 15 20
0 23 25
14 15 22
8 15 25
20 22 24

graph
26
12 14 16
5 6 13
4 17 20
5 7 24
2 16 18
1 3 18
1 7 10
3 6 15
9 14 22
8 11 13
6 11 12
9 10 17
0 10 13
1 9 12
0 8 25
7 23 25
0 4 19
2 11 19
4 5 21
16 17 21
2 21 23
18 19 20
8 23 24
15 20 22
3 22 25
14 15 24

graph
26
4 12 14
5 16 22
11 15 20
7 8 23
0 5 20
1 4 18
7 19 22
3 6 15
3 9 21
8 11 24
12 19 25
2 9 17
0 10 13
12 16 24
0 15 21
2 7 14
1 13 17
11 16 25
5 19 23
6 10 18
2 4 21
8 14 20
1 6 23
3 18 22
9 13 25
10 17 24

graph
26
4 12 22
5 6 13
11 15 16
8 17 24
0 18 20
1 18 21
1 7 10
6 15 23
3 9 14
8 11 13
6 11 12
2 9 10
0 10 13
1 9 12
8 22 25
2 7 25
2 19 20
3 19 21
4 5 19
16 17 18
4 16 21
5 17 20
0 14 23
7 22 24
3 23 25
14 15 24

graph
26
4 12 14
5 6 13
4 11 18
5 7 8
0 2 5
1 3 4
1 10 24
3 15 24
3 9 14
8 13 19
6 16 20
2 20 22
0 13 16
1 9 12
0 8 17
7 17 23
10 12 25
14 15 25
2 21 23
9 21 22
10 11 21
18 19 20
11 19 23
15 18 22
6 7 25
16 17 24

graph
26
4 8 24
6 13 22
4 11 16
7 8 25
0 2 5
4 21 25
1 7 10
3 6 14
0 3 9
8 13 17
6 18 23
2 15 18
13 20 23
1 9 12
7 15 19
11 14 17
2 17 19
9 15 16
10 11 19
14 16 18
12 21 24
5 20 22
1 21 23
10 12 22
0 20 25
3 5 24

koniec
