graph
306
2 3 33
3 54 41
0 4 6
0 1 7
2 72 59
6 36 293
2 5 9
3 8 10
7 90 77
6 21 32
7 20 31
13 14 35
14 234 221
11 15 17
11 12 19
13 252 239
17 216 203
13 16 20
19 270 257
14 18 21
10 17 32
9 19 31
24 25 34
25 144 131
22 26 28
22 23 29
24 162 149
28 126 113
24 27 31
25 30 32
29 180 167
10 21 28
9 20 29
0 198 185
22 288 275
11 108 95
5 41 37
36 42 38
37 43 39
38 44 303
45 49 301
36 50 1
37 46 51
38 47 52
39 48 53
40 50 53
42 52 50
43 53 51
44 49 52
40 48 58
41 45 46
42 47 57
43 46 48
44 47 45
1 59 55
54 60 56
55 61 57
51 56 62
49 63 67
54 68 4
55 64 69
56 65 70
57 66 71
58 68 71
60 70 68
61 71 69
62 67 70
58 66 76
59 63 64
60 65 75
61 64 66
62 65 63
4 77 73
72 78 74
73 79 75
69 74 80
67 81 85
72 86 8
73 82 87
74 83 88
75 84 89
76 86 89
78 88 86
79 89 87
80 85 88
76 84 94
77 81 82
78 83 93
79 82 84
80 83 81
8 95 91
90 96 92
91 97 93
87 92 98
85 99 103
90 104 35
91 100 105
92 101 106
93 102 107
94 104 107
96 106 104
97 107 105
98 103 106
94 102 112
95 99 100
96 101 111
97 100 102
98 101 99
35 113 109
108 114 110
109 115 111
105 110 116
103 117 121
108 122 27
109 118 123
110 119 124
111 120 125
112 122 125
114 124 122
115 125 123
116 121 124
112 120 130
113 117 118
114 119 129
115 118 120
116 119 117
27 131 127
126 132 128
127 133 129
123 128 134
121 135 139
126 140 23
127 136 141
128 137 142
129 138 143
130 140 143
132 142 140
133 143 141
134 139 142
130 138 148
131 135 136
132 137 147
133 136 138
134 137 135
23 149 145
144 150 146
145 151 147
141 146 152
139 153 157
144 158 26
145 154 159
146 155 160
147 156 161
148 158 161
150 160 158
151 161 159
152 157 160
148 156 166
149 153 154
150 155 165
151 154 156
152 155 153
26 167 163
162 168 164
163 169 165
159 164 170
157 171 175
162 176 30
163 172 177
164 173 178
165 174 179
166 176 179
168 178 176
169 179 177
170 175 178
166 174 184
167 171 172
168 173 183
169 172 174
170 173 171
30 185 181
180 186 182
181 187 183
177 182 188
175 189 193
180 194 33
181 190 195
182 191 196
183 192 197
184 194 197
186 196 194
187 197 195
188 193 196
184 192 202
185 189 190
186 191 201
187 190 192
188 191 189
33 203 199
198 204 200
199 205 201
195 200 206
193 207 211
198 212 16
199 208 213
200 209 214
201 210 215
202 212 215
204 214 212
205 215 213
206 211 214
202 210 220
203 207 208
204 209 219
205 208 210
206 209 207
16 221 217
216 222 218
217 223 219
213 218 224
211 225 229
216 230 12
217 226 231
218 227 232
219 228 233
220 230 233
222 232 230
223 233 231
224 229 232
220 228 238
221 225 226
222 227 237
223 226 228
224 227 225
12 239 235
234 240 236
235 241 237
231 236 242
229 243 247
234 248 15
235 244 249
236 245 250
237 246 251
238 248 251
240 250 248
241 251 249
242 247 250
238 246 256
239 243 244
240 245 255
241 244 246
242 245 243
15 257 253
252 258 254
253 259 255
249 254 260
247 261 265
252 266 18
253 262 267
254 263 268
255 264 269
256 266 269
258 268 266
259 269 267
260 265 268
256 264 274
257 261 262
258 263 273
259 262 264
260 263 261
18 275 271
270 276 272
271 277 273
267 272 278
265 279 283
270 284 34
271 280 285
272 281 286
273 282 287
274 284 287
276 286 284
277 287 285
278 283 286
274 282 292
275 279 280
276 281 291
277 280 282
278 281 279
34 293 289
288 294 290
289 295 291
285 290 296
283 297 301
288 302 5
289 298 303
290 299 304
291 300 305
292 302 305
294 304 302
295 305 303
296 301 304
292 300 40
293 297 298
294 299 39
295 298 300
296 299 297

graph
338
2 3 21
4 32 325
0 4 5
0 50 37
1 2 23
2 6 20
5 68 55
9 10 21
23 266 253
7 11 12
7 248 235
9 284 271
9 13 22
12 230 217
16 17 21
17 302 289
14 18 19
14 15 20
16 320 307
16 212 199
5 17 27
0 7 14
12 86 73
4 8 29
26 27 30
27 140 127
24 104 91
20 24 25
31 122 109
23 158 145
24 176 163
28 194 181
1 37 33
32 38 34
33 39 35
34 40 335
41 45 333
32 46 3
33 42 47
34 43 48
35 44 49
36 46 49
38 48 46
39 49 47
40 45 48
36 44 54
37 41 42
38 43 53
39 42 44
40 43 41
3 55 51
50 56 52
51 57 53
47 52 58
45 59 63
50 64 6
51 60 65
52 61 66
53 62 67
54 64 67
56 66 64
57 67 65
58 63 66
54 62 72
55 59 60
56 61 71
57 60 62
58 61 59
6 73 69
68 74 70
69 75 71
65 70 76
63 77 81
68 82 22
69 78 83
70 79 84
71 80 85
72 82 85
74 84 82
75 85 83
76 81 84
72 80 90
73 77 78
74 79 89
75 78 80
76 79 77
22 91 87
86 92 88
87 93 89
83 88 94
81 95 99
86 100 26
87 96 101
88 97 102
89 98 103
90 100 103
92 102 100
93 103 101
94 99 102
90 98 108
91 95 96
92 97 107
93 96 98
94 97 95
26 109 105
104 110 106
105 111 107
101 106 112
99 113 117
104 118 28
105 114 119
106 115 120
107 116 121
108 118 121
110 120 118
111 121 119
112 117 120
108 116 126
109 113 114
110 115 125
111 114 116
112 115 113
28 127 123
122 128 124
123 129 125
119 124 130
117 131 135
122 136 25
123 132 137
124 133 138
125 134 139
126 136 139
128 138 136
129 139 137
130 135 138
126 134 144
127 131 132
128 133 143
129 132 134
130 133 131
25 145 141
140 146 142
141 147 143
137 142 148
135 149 153
140 154 29
141 150 155
142 151 156
143 152 157
144 154 157
146 156 154
147 157 155
148 153 156
144 152 162
145 149 150
146 151 161
147 150 152
148 151 149
29 163 159
158 164 160
159 165 161
155 160 166
153 167 171
158 172 30
159 168 173
160 169 174
161 170 175
162 172 175
164 174 172
165 175 173
166 171 174
162 170 180
163 167 168
164 169 179
165 168 170
166 169 167
30 181 177
176 182 178
177 183 179
173 178 184
171 185 189
176 190 31
177 186 191
178 187 192
179 188 193
180 190 193
182 192 190
183 193 191
184 189 192
180 188 198
181 185 186
182 187 197
183 186 188
184 187 185
31 199 195
194 200 196
195 201 197
191 196 202
189 203 207
194 208 19
195 204 209
196 205 210
197 206 211
198 208 211
200 210 208
201 211 209
202 207 210
198 206 216
199 203 204
200 205 215
201 204 206
202 205 203
19 217 213
212 218 214
213 219 215
209 214 220
207 221 225
212 226 13
213 222 227
214 223 228
215 224 229
216 226 229
218 228 226
219 229 227
220 225 228
216 224 234
217 221 222
218 223 233
219 222 224
220 223 221
13 235 231
230 236 232
231 237 233
227 232 238
225 239 243
230 244 10
231 240 245
232 241 246
233 242 247
234 244 247
236 246 244
237 247 245
238 243 246
234 242 252
235 239 240
236 241 251
237 240 242
238 241 239
10 253 249
248 254 250
249 255 251
245 250 256
243 257 261
248 262 8
249 258 263
250 259 264
251 260 265
252 262 265
254 264 262
255 265 263
256 261 264
252 260 270
253 257 258
254 259 269
255 258 260
256 259 257
8 271 267
266 272 268
267 273 269
263 268 274
261 275 279
266 280 11
267 276 281
268 277 282
269 278 283
270 280 283
272 282 280
273 283 281
274 279 282
270 278 288
271 275 276
272 277 287
273 276 278
274 277 275
11 289 285
284 290 286
285 291 287
281 286 292
279 293 297
284 298 15
285 294 299
286 295 300
287 296 301
288 298 301
290 300 298
291 301 299
292 297 300
288 296 306
289 293 294
290 295 305
291 294 296
292 295 293
15 307 303
302 308 304
303 309 305
299 304 310
297 311 315
302 316 18
303 312 317
304 313 318
305 314 319
306 316 319
308 318 316
309 319 317
310 315 318
306 314 324
307 311 312
308 313 323
309 312 314
310 313 311
18 325 321
320 326 322
321 327 323
317 322 328
315 329 333
320 334 1
321 330 335
322 331 336
323 332 337
324 334 337
326 336 334
327 337 335
328 333 336
324 332 36
325 329 330
326 331 35
327 330 332
328 331 329

graph
358
2 3 21
3 34 345
0 70 57
0 1 6
23 52 39
32 88 75
3 106 93
9 10 21
11 232 219
7 11 12
7 250 237
8 9 15
9 13 22
12 268 255
16 17 21
11 17 18
14 304 291
14 15 20
15 322 309
20 286 273
17 19 32
0 7 14
12 124 111
4 214 201
26 27 30
27 178 165
24 142 129
24 25 32
31 160 147
30 196 183
24 29 31
28 30 33
5 20 27
31 340 327
1 39 35
34 40 36
35 41 37
36 42 355
43 47 353
34 48 4
35 44 49
36 45 50
37 46 51
38 48 51
40 50 48
41 51 49
42 47 50
38 46 56
39 43 44
40 45 55
41 44 46
42 45 43
4 57 53
52 58 54
53 59 55
49 54 60
47 61 65
52 66 2
53 62 67
54 63 68
55 64 69
56 66 69
58 68 66
59 69 67
60 65 68
56 64 74
57 61 62
58 63 73
59 62 64
60 63 61
2 75 71
70 76 72
71 77 73
67 72 78
65 79 83
70 84 5
71 80 85
72 81 86
73 82 87
74 84 87
76 86 84
77 87 85
78 83 86
74 82 92
75 79 80
76 81 91
77 80 82
78 81 79
5 93 89
88 94 90
89 95 91
85 90 96
83 97 101
88 102 6
89 98 103
90 99 104
91 100 105
92 102 105
94 104 102
95 105 103
96 101 104
92 100 110
93 97 98
94 99 109
95 98 100
96 99 97
6 111 107
106 112 108
107 113 109
103 108 114
101 115 119
106 120 22
107 116 121
108 117 122
109 118 123
110 120 123
112 122 120
113 123 121
114 119 122
110 118 128
111 115 116
112 117 127
113 116 118
114 117 115
22 129 125
124 130 126
125 131 127
121 126 132
119 133 137
124 138 26
125 134 139
126 135 140
127 136 141
128 138 141
130 140 138
131 141 139
132 137 140
128 136 146
129 133 134
130 135 145
131 134 136
132 135 133
26 147 143
142 148 144
143 149 145
139 144 150
137 151 155
142 156 28
143 152 157
144 153 158
145 154 159
146 156 159
148 158 156
149 159 157
150 155 158
146 154 164
147 151 152
148 153 163
149 152 154
150 153 151
28 165 161
160 166 162
161 167 163
157 162 168
155 169 173
160 174 25
161 170 175
162 171 176
163 172 177
164 174 177
166 176 174
167 177 175
168 173 176
164 172 182
165 169 170
166 171 181
167 170 172
168 171 169
25 183 179
178 184 180
179 185 181
175 180 186
173 187 191
178 192 29
179 188 193
180 189 194
181 190 195
182 192 195
184 194 192
185 195 193
186 191 194
182 190 200
183 187 188
184 189 199
185 188 190
186 189 187
29 201 197
196 202 198
197 203 199
193 198 204
191 205 209
196 210 23
197 206 211
198 207 212
199 208 213
200 210 213
202 212 210
203 213 211
204 209 212
200 208 218
201 205 206
202 207 217
203 206 208
204 207 205
23 219 215
214 220 216
215 221 217
211 216 222
209 223 227
214 228 8
215 224 229
216 225 230
217 226 231
218 228 231
220 230 228
221 231 229
222 227 230
218 226 236
219 223 224
220 225 235
221 224 226
222 225 223
8 237 233
232 238 234
233 239 235
229 234 240
227 241 245
232 246 10
233 242 247
234 243 248
235 244 249
236 246 249
238 248 246
239 249 247
240 245 248
236 244 254
237 241 242
238 243 253
239 242 244
240 243 241
10 255 251
250 256 252
251 257 253
247 252 258
245 259 263
250 264 13
251 260 265
252 261 266
253 262 267
254 264 267
256 266 264
257 267 265
258 263 266
254 262 272
255 259 260
256 261 271
257 260 262
258 261 259
13 273 269
268 274 270
269 275 271
265 270 276
263 277 281
268 282 19
269 278 283
270 279 284
271 280 285
272 282 285
274 284 282
275 285 283
276 281 284
272 280 290
273 277 278
274 279 289
275 278 280
276 279 277
19 291 287
286 292 288
287 293 289
283 288 294
281 295 299
286 300 16
287 296 301
288 297 302
289 298 303
290 300 303
292 302 300
293 303 301
294 299 302
290 298 308
291 295 296
292 297 307
293 296 298
294 297 295
16 309 305
304 310 306
305 311 307
301 306 312
299 313 317
304 318 18
305 314 319
306 315 320
307 316 321
308 318 321
310 320 318
311 321 319
312 317 320
308 316 326
309 313 314
310 315 325
311 314 316
312 315 313
18 327 323
322 328 324
323 329 325
319 324 330
317 331 335
322 336 33
323 332 337
324 333 338
325 334 339
326 336 339
328 338 336
329 339 337
330 335 338
326 334 344
327 331 332
328 333 343
329 332 334
330 333 331
33 345 341
340 346 342
341 347 343
337 342 348
335 349 353
340 354 1
341 350 355
342 351 356
343 352 357
344 354 357
346 356 354
347 357 355
348 353 356
344 352 38
345 349 350
346 351 37
347 350 352
348 351 349

graph
320
2 3 21
3 42 65
0 78 101
0 1 6
23 60 83
6 96 119
3 5 22
9 10 21
23 258 281
7 11 12
7 240 263
9 276 299
9 13 22
12 222 245
16 17 21
17 294 317
14 18 19
14 15 20
16 312 47
16 204 227
17 114 137
0 7 14
6 12 26
4 8 29
26 27 30
29 150 173
28 24 22
24 132 155
26 168 191
23 25 30
24 29 31
30 186 209
33 36 310
32 34 35
33 39 49
33 38 48
32 37 40
36 38 39
35 37 42
34 37 41
36 43 50
39 46 61
38 45 1
40 44 311
43 45 46
42 44 49
41 44 48
48 49 18
35 46 47
34 45 47
51 54 40
50 52 53
51 57 67
51 56 66
50 55 58
54 56 57
53 55 60
52 55 59
54 61 68
57 64 79
56 63 4
58 62 41
61 63 64
60 62 67
59 62 66
66 67 1
53 64 65
52 63 65
69 72 58
68 70 71
69 75 85
69 74 84
68 73 76
72 74 75
71 73 78
70 73 77
72 79 86
75 82 97
74 81 2
76 80 59
79 81 82
78 80 85
77 80 84
84 85 4
71 82 83
70 81 83
87 90 76
86 88 89
87 93 103
87 92 102
86 91 94
90 92 93
89 91 96
88 91 95
90 97 104
93 100 115
92 99 5
94 98 77
97 99 100
96 98 103
95 98 102
102 103 2
89 100 101
88 99 101
105 108 94
104 106 107
105 111 121
105 110 120
104 109 112
108 110 111
107 109 114
106 109 113
108 115 122
111 118 133
110 117 20
112 116 95
115 117 118
114 116 121
113 116 120
120 121 5
107 118 119
106 117 119
123 126 112
122 124 125
123 129 139
123 128 138
122 127 130
126 128 129
125 127 132
124 127 131
126 133 140
129 136 151
128 135 27
130 134 113
133 135 136
132 134 139
131 134 138
138 139 20
125 136 137
124 135 137
141 144 130
140 142 143
141 147 157
141 146 156
140 145 148
144 146 147
143 145 150
142 145 149
144 151 158
147 154 169
146 153 25
148 152 131
151 153 154
150 152 157
149 152 156
156 157 27
143 154 155
142 153 155
159 162 148
158 160 161
159 165 175
159 164 174
158 163 166
162 164 165
161 163 168
160 163 167
162 169 176
165 172 187
164 171 28
166 170 149
169 171 172
168 170 175
167 170 174
174 175 25
161 172 173
160 171 173
177 180 166
176 178 179
177 183 193
177 182 192
176 181 184
180 182 183
179 181 186
178 181 185
180 187 194
183 190 205
182 189 31
184 188 167
187 189 190
186 188 193
185 188 192
192 193 28
179 190 191
178 189 191
195 198 184
194 196 197
195 201 211
195 200 210
194 199 202
198 200 201
197 199 204
196 199 203
198 205 212
201 208 223
200 207 19
202 206 185
205 207 208
204 206 211
203 206 210
210 211 31
197 208 209
196 207 209
213 216 202
212 214 215
213 219 229
213 218 228
212 217 220
216 218 219
215 217 222
214 217 221
216 223 230
219 226 241
218 225 13
220 224 203
223 225 226
222 224 229
221 224 228
228 229 19
215 226 227
214 225 227
231 234 220
230 232 233
231 237 247
231 236 246
230 235 238
234 236 237
233 235 240
232 235 239
234 241 248
237 244 259
236 243 10
238 242 221
241 243 244
240 242 247
239 242 246
246 247 13
233 244 245
232 243 245
249 252 238
248 250 251
249 255 265
249 254 264
248 253 256
252 254 255
251 253 258
250 253 257
252 259 266
255 262 277
254 261 8
256 260 239
259 261 262
258 260 265
257 260 264
264 265 10
251 262 263
250 261 263
267 270 256
266 268 269
267 273 283
267 272 282
266 271 274
270 272 273
269 271 276
268 271 275
270 277 284
273 280 295
272 279 11
274 278 257
277 279 280
276 278 283
275 278 282
282 283 8
269 280 281
268 279 281
285 288 274
284 286 287
285 291 301
285 290 300
284 289 292
288 290 291
287 289 294
286 289 293
288 295 302
291 298 313
290 297 15
292 296 275
295 297 298
294 296 301
293 296 300
300 301 11
287 298 299
286 297 299
303 306 292
302 304 305
303 309 319
303 308 318
302 307 310
306 308 309
305 307 312
304 307 311
306 313 32
309 316 43
308 315 18
310 314 293
313 315 316
312 314 319
311 314 318
318 319 15
305 316 317
304 315 317

graph
414
4 30 14
6 406 51
34 244 267
16 19 20
0 28 5
32 4 22
1 172 195
15 190 213
20 64 87
11 46 69
13 154 177
9 280 303
16 316 339
10 298 321
0 136 159
17 34 7
33 3 12
25 27 15
19 262 285
35 18 3
8 3 31
31 118 141
5 388 411
33 370 393
30 82 105
17 100 123
32 334 357
17 352 375
4 226 249
35 208 231
0 24 31
20 21 30
33 26 5
16 32 23
2 35 15
34 19 29
37 40 404
36 38 39
37 43 53
37 42 52
36 41 44
40 42 43
39 41 46
38 41 45
40 47 54
43 50 65
42 49 9
44 48 405
47 49 50
46 48 53
45 48 52
52 53 1
39 50 51
38 49 51
55 58 44
54 56 57
55 61 71
55 60 70
54 59 62
58 60 61
57 59 64
56 59 63
58 65 72
61 68 83
60 67 8
62 66 45
65 67 68
64 66 71
63 66 70
70 71 9
57 68 69
56 67 69
73 76 62
72 74 75
73 79 89
73 78 88
72 77 80
76 78 79
75 77 82
74 77 81
76 83 90
79 86 101
78 85 24
80 84 63
83 85 86
82 84 89
81 84 88
88 89 8
75 86 87
74 85 87
91 94 80
90 92 93
91 97 107
91 96 106
90 95 98
94 96 97
93 95 100
92 95 99
94 101 108
97 104 119
96 103 25
98 102 81
101 103 104
100 102 107
99 102 106
106 107 24
93 104 105
92 103 105
109 112 98
108 110 111
109 115 125
109 114 124
108 113 116
112 114 115
111 113 118
110 113 117
112 119 126
115 122 137
114 121 21
116 120 99
119 121 122
118 120 125
117 120 124
124 125 25
111 122 123
110 121 123
127 130 116
126 128 129
127 133 143
127 132 142
126 131 134
130 132 133
129 131 136
128 131 135
130 137 144
133 140 155
132 139 14
134 138 117
137 139 140
136 138 143
135 138 142
142 143 21
129 140 141
128 139 141
145 148 134
144 146 147
145 151 161
145 150 160
144 149 152
148 150 151
147 149 154
146 149 153
148 155 162
151 158 173
150 157 10
152 156 135
155 157 158
154 156 161
153 156 160
160 161 14
147 158 159
146 157 159
163 166 152
162 164 165
163 169 179
163 168 178
162 167 170
166 168 169
165 167 172
164 167 171
166 173 180
169 176 191
168 175 6
170 174 153
173 175 176
172 174 179
171 174 178
178 179 10
165 176 177
164 175 177
181 184 170
180 182 183
181 187 197
181 186 196
180 185 188
184 186 187
183 185 190
182 185 189
184 191 198
187 194 209
186 193 7
188 192 171
191 193 194
190 192 197
189 192 196
196 197 6
183 194 195
182 193 195
199 202 188
198 200 201
199 205 215
199 204 214
198 203 206
202 204 205
201 203 208
200 203 207
202 209 216
205 212 227
204 211 29
206 210 189
209 211 212
208 210 215
207 210 214
214 215 7
201 212 213
200 211 213
217 220 206
216 218 219
217 223 233
217 222 232
216 221 224
220 222 223
219 221 226
218 221 225
220 227 234
223 230 245
222 229 28
224 228 207
227 229 230
226 228 233
225 228 232
232 233 29
219 230 231
218 229 231
235 238 224
234 236 237
235 241 251
235 240 250
234 239 242
238 240 241
237 239 244
236 239 243
238 245 252
241 248 263
240 247 2
242 246 225
245 247 248
244 246 251
243 246 250
250 251 28
237 248 249
236 247 249
253 256 242
252 254 255
253 259 269
253 258 268
252 257 260
256 258 259
255 257 262
254 257 261
256 263 270
259 266 281
258 265 18
260 264 243
263 265 266
262 264 269
261 264 268
268 269 2
255 266 267
254 265 267
271 274 260
270 272 273
271 277 287
271 276 286
270 275 278
274 276 277
273 275 280
272 275 279
274 281 288
277 284 299
276 283 11
278 282 261
281 283 284
280 282 287
279 282 286
286 287 18
273 284 285
272 283 285
289 292 278
288 290 291
289 295 305
289 294 304
288 293 296
292 294 295
291 293 298
290 293 297
292 299 306
295 302 317
294 301 13
296 300 279
299 301 302
298 300 305
297 300 304
304 305 11
291 302 303
290 301 303
307 310 296
306 308 309
307 313 323
307 312 322
306 311 314
310 312 313
309 311 316
308 311 315
310 317 324
313 320 335
312 319 12
314 318 297
317 319 320
316 318 323
315 318 322
322 323 13
309 320 321
308 319 321
325 328 314
324 326 327
325 331 341
325 330 340
324 329 332
328 330 331
327 329 334
326 329 333
328 335 342
331 338 353
330 337 26
332 336 315
335 337 338
334 336 341
333 336 340
340 341 12
327 338 339
326 337 339
343 346 332
342 344 345
343 349 359
343 348 358
342 347 350
346 348 349
345 347 352
344 347 351
346 353 360
349 356 371
348 355 27
350 354 333
353 355 356
352 354 359
351 354 358
358 359 26
345 356 357
344 355 357
361 364 350
360 362 363
361 367 377
361 366 376
360 365 368
364 366 367
363 365 370
362 365 369
364 371 378
367 374 389
366 373 23
368 372 351
371 373 374
370 372 377
369 372 376
376 377 27
363 374 375
362 373 375
379 382 368
378 380 381
379 385 395
379 384 394
378 383 386
382 384 385
381 383 388
380 383 387
382 389 396
385 392 407
384 391 22
386 390 369
389 391 392
388 390 395
387 390 394
394 395 23
381 392 393
380 391 393
397 400 386
396 398 399
397 403 413
397 402 412
396 401 404
400 402 403
399 401 406
398 401 405
400 407 36
403 410 47
402 409 1
404 408 387
407 409 410
406 408 413
405 408 412
412 413 22
399 410 411
398 409 411

koniec