graph
40
4 8 20
5 9 30
9 11 26
7 21 31
0 5 11
1 4 21
7 20 30
3 6 28
0 9 31
1 2 8
13 14 34
2 4 29
16 18 26
10 18 38
10 16 39
17 19 29
12 14 17
15 16 22
12 13 19
15 18 23
0 6 24
3 5 24
17 25 38
19 25 39
20 21 35
22 23 35
2 12 27
26 28 32
7 27 29
11 15 28
1 6 33
3 8 33
27 33 34
30 31 32
10 32 36
24 25 36
34 35 37
36 38 39
13 22 37
14 23 37

graph
40
4 8 20
5 9 30
9 11 26
7 21 31
0 5 11
1 4 21
7 20 30
3 6 28
0 9 31
1 2 8
13 14 32
2 4 29
16 18 34
10 18 22
10 16 23
17 19 35
12 14 38
15 22 38
12 13 39
15 23 39
0 6 24
3 5 24
13 17 25
14 19 25
20 21 25
22 23 24
2 27 34
26 28 32
7 27 29
11 28 35
1 6 33
3 8 33
10 27 33
30 31 32
12 26 36
15 29 36
34 35 37
36 38 39
16 17 37
18 19 37

graph
40
4 8 20
5 9 30
9 11 28
7 21 31
0 5 11
1 4 21
7 20 30
3 6 26
0 9 31
1 2 8
13 14 34
2 4 15
16 18 28
10 18 38
10 16 39
11 17 19
12 14 17
15 16 22
12 13 19
15 18 23
0 6 24
3 5 24
17 25 38
19 25 39
20 21 27
22 23 35
7 27 29
24 26 35
2 12 29
26 28 32
1 6 33
3 8 33
29 33 34
30 31 32
10 32 36
25 27 36
34 35 37
36 38 39
13 22 37
14 23 37

graph
40
4 8 20
5 9 30
9 11 28
7 21 31
0 5 11
1 4 21
7 20 30
3 6 26
0 9 31
1 2 8
13 14 32
2 4 34
16 18 35
10 18 22
10 16 23
17 19 34
12 14 38
15 22 38
12 13 39
15 23 39
0 6 24
3 5 24
13 17 25
14 19 25
20 21 27
22 23 27
7 27 29
24 25 26
2 29 35
26 28 32
1 6 33
3 8 33
10 29 33
30 31 32
11 15 36
12 28 36
34 35 37
36 38 39
16 17 37
18 19 37

graph
40
4 8 16
6 9 14
4 7 32
7 8 15
0 2 5
4 15 18
1 7 10
2 3 6
0 3 9
1 8 11
6 13 16
9 13 32
13 14 19
10 11 12
1 12 15
3 5 14
0 10 34
21 22 34
5 19 30
12 18 35
24 26 33
17 26 38
17 24 39
25 27 35
20 22 28
23 28 38
20 21 29
23 29 39
24 25 31
26 27 31
18 31 33
28 29 30
2 11 33
20 30 32
16 17 36
19 23 36
34 35 37
36 38 39
21 25 37
22 27 37

graph
40
8 14 18
5 16 22
11 15 34
7 8 12
23 28 38
1 12 35
7 10 16
3 6 15
0 3 9
8 11 19
6 13 14
2 9 13
3 5 13
10 11 12
0 10 17
2 7 17
1 6 20
14 15 20
0 21 24
9 21 22
16 17 21
18 19 20
1 19 29
4 27 34
18 25 28
24 27 33
30 32 35
23 25 39
4 24 31
22 31 33
26 31 39
28 29 30
26 33 38
25 29 32
2 23 36
5 26 36
34 35 37
36 38 39
4 32 37
27 30 37

graph
40
8 14 18
5 16 22
11 15 23
7 8 12
23 28 32
1 12 26
7 10 16
3 6 15
0 3 9
8 11 19
6 13 14
2 9 13
3 5 13
10 11 12
0 10 17
2 7 17
1 6 20
14 15 20
0 21 34
9 21 22
16 17 21
18 19 20
1 19 35
2 4 27
25 28 34
24 27 38
5 30 32
23 25 30
4 24 39
31 33 35
26 27 31
29 30 39
4 26 33
29 32 38
18 24 36
22 29 36
34 35 37
36 38 39
25 33 37
28 31 37

graph
40
8 14 18
5 16 22
11 15 23
7 8 12
24 30 32
1 12 24
7 10 16
3 6 15
0 3 9
8 11 19
6 13 14
2 9 13
3 5 13
10 11 12
0 10 17
2 7 17
1 6 20
14 15 20
0 21 26
9 21 22
16 17 21
18 19 20
1 19 25
2 28 32
4 5 29
22 27 34
18 30 38
25 28 38
23 27 35
24 33 34
4 26 31
30 33 35
4 23 39
29 31 39
25 29 36
28 31 36
34 35 37
36 38 39
26 27 37
32 33 37

graph
40
8 14 18
5 16 22
11 15 34
7 8 12
18 24 26
1 12 27
7 10 16
3 6 15
0 3 9
8 11 19
6 13 14
2 9 13
3 5 13
10 11 12
0 10 17
2 7 17
1 6 20
14 15 20
0 4 21
9 21 22
16 17 21
18 19 20
1 19 35
25 29 34
4 25 30
23 24 38
4 29 33
5 30 33
31 32 35
23 26 39
24 27 31
28 30 39
28 33 38
26 27 32
2 23 36
22 28 36
34 35 37
36 38 39
25 32 37
29 31 37

graph
40
8 14 18
5 16 22
11 15 23
7 8 12
24 26 34
1 12 35
7 10 16
3 6 15
0 3 9
8 11 19
6 13 14
2 9 13
3 5 13
10 11 12
0 10 17
2 7 17
1 6 20
14 15 20
0 21 34
9 21 22
16 17 21
18 19 20
1 19 28
2 25 29
4 25 38
23 24 32
4 29 39
30 33 35
22 31 32
23 26 31
27 31 38
28 29 30
25 28 33
27 32 39
4 18 36
5 27 36
34 35 37
36 38 39
24 30 37
26 33 37

graph
40
8 14 18
5 16 22
11 15 23
7 8 12
18 24 34
1 12 27
7 10 16
3 6 15
0 3 9
8 11 19
6 13 14
2 9 13
3 5 13
10 11 12
0 10 17
2 7 17
1 6 20
14 15 20
0 4 21
9 21 22
16 17 21
18 19 20
1 19 25
2 26 28
4 30 38
22 30 32
23 33 34
5 29 38
23 29 32
27 28 31
24 25 35
29 33 35
25 28 39
26 31 39
4 26 36
30 31 36
34 35 37
36 38 39
24 27 37
32 33 37

graph
40
4 10 34
6 9 16
4 11 35
7 8 38
0 2 39
26 30 32
1 7 10
3 6 35
3 9 34
1 8 11
0 6 13
2 9 13
17 22 31
10 11 31
20 22 24
28 30 39
1 17 19
12 16 21
19 23 26
16 18 24
14 21 28
17 20 25
12 14 33
18 25 33
14 19 27
21 23 27
5 18 29
24 25 29
15 20 29
26 27 28
5 15 31
12 13 30
5 33 38
22 23 32
0 8 36
2 7 36
34 35 37
36 38 39
3 32 37
4 15 37

graph
40
4 8 10
6 9 34
4 7 11
7 8 32
0 2 15
26 30 32
1 7 38
2 3 6
0 3 9
1 8 39
0 13 38
2 13 39
17 22 31
10 11 35
20 22 24
4 28 30
17 19 34
12 16 21
19 23 26
16 18 24
14 21 28
17 20 25
12 14 33
18 25 33
14 19 27
21 23 27
5 18 29
24 25 29
15 20 29
26 27 28
5 15 31
12 30 35
3 5 33
22 23 32
1 16 36
13 31 36
34 35 37
36 38 39
6 10 37
9 11 37

graph
40
4 8 34
6 9 16
4 7 35
5 7 8
0 2 38
3 15 18
1 7 10
2 3 6
0 3 9
1 8 11
6 13 34
9 13 35
14 30 39
10 11 39
12 19 20
5 20 32
1 24 26
21 26 28
5 21 23
14 29 31
14 15 25
17 18 25
23 28 30
18 22 27
16 25 29
20 21 24
16 17 27
23 26 31
17 22 29
19 24 28
12 22 33
19 27 33
15 33 38
30 31 32
0 10 36
2 11 36
34 35 37
36 38 39
4 32 37
12 13 37

graph
40
4 8 10
6 9 34
4 7 11
7 8 35
0 2 32
15 18 35
1 10 38
2 3 38
0 3 39
1 11 39
0 6 13
2 9 13
13 14 30
10 11 12
12 19 20
5 20 32
24 26 34
21 26 28
5 21 23
14 29 31
14 15 25
17 18 25
23 28 30
18 22 27
16 25 29
20 21 24
16 17 27
23 26 31
17 22 29
19 24 28
12 22 33
19 27 33
4 15 33
30 31 32
1 16 36
3 5 36
34 35 37
36 38 39
6 7 37
8 9 37

graph
40
4 8 34
6 9 30
4 7 35
5 7 8
0 2 38
3 18 32
1 7 10
2 3 6
0 3 9
1 8 11
6 13 34
9 13 35
14 22 39
10 11 39
12 19 20
20 32 38
19 26 33
22 26 28
5 21 27
14 16 23
14 15 24
18 24 28
12 17 25
19 25 29
20 21 25
22 23 24
16 17 27
18 26 31
17 21 29
23 28 31
1 31 33
27 29 30
5 15 33
16 30 32
0 10 36
2 11 36
34 35 37
36 38 39
4 15 37
12 13 37

graph
40
4 8 10
6 9 34
4 7 11
7 8 35
0 2 15
18 32 35
1 10 38
2 3 38
0 3 39
1 11 39
0 6 13
2 9 13
13 14 22
10 11 12
12 19 20
4 20 32
19 26 33
22 26 28
5 21 27
14 16 23
14 15 24
18 24 28
12 17 25
19 25 29
20 21 25
22 23 24
16 17 27
18 26 31
17 21 29
23 28 31
31 33 34
27 29 30
5 15 33
16 30 32
1 30 36
3 5 36
34 35 37
36 38 39
6 7 37
8 9 37

graph
40
4 8 34
6 9 30
4 7 35
5 7 8
0 2 38
3 15 18
1 7 10
2 3 6
0 3 9
1 8 11
6 13 34
9 13 35
14 22 39
10 11 39
12 19 20
5 32 38
19 26 33
22 26 28
5 21 27
14 16 23
14 24 32
18 24 28
12 17 25
19 25 29
20 21 25
22 23 24
16 17 27
18 26 31
17 21 29
23 28 31
1 31 33
27 29 30
15 20 33
16 30 32
0 10 36
2 11 36
34 35 37
36 38 39
4 15 37
12 13 37

graph
40
4 8 10
6 9 34
4 7 11
7 8 35
0 2 15
15 18 35
1 10 38
2 3 38
0 3 39
1 11 39
0 6 13
2 9 13
13 14 22
10 11 12
12 19 20
4 5 32
19 26 33
22 26 28
5 21 27
14 16 23
14 24 32
18 24 28
12 17 25
19 25 29
20 21 25
22 23 24
16 17 27
18 26 31
17 21 29
23 28 31
31 33 34
27 29 30
15 20 33
16 30 32
1 30 36
3 5 36
34 35 37
36 38 39
6 7 37
8 9 37

graph
40
4 12 22
6 13 16
4 7 11
7 8 20
0 2 14
14 16 20
1 15 34
2 3 17
3 9 22
8 11 13
11 24 26
2 9 10
0 18 27
1 9 21
4 5 15
6 14 17
1 5 19
7 15 19
12 19 21
16 17 18
3 5 21
13 18 20
0 8 35
25 29 34
10 25 30
23 24 38
10 29 33
12 30 33
31 32 35
23 26 39
24 27 31
28 30 39
28 33 38
26 27 32
6 23 36
22 28 36
34 35 37
36 38 39
25 32 37
29 31 37

graph
40
4 12 22
6 13 16
4 7 11
7 8 20
0 2 14
14 16 20
1 15 23
2 3 17
3 9 22
8 11 13
24 26 34
2 9 34
0 18 35
1 9 21
4 5 15
6 14 17
1 5 19
7 15 19
12 19 21
16 17 18
3 5 21
13 18 20
0 8 28
6 25 29
10 25 38
23 24 32
10 29 39
30 33 35
22 31 32
23 26 31
27 31 38
28 29 30
25 28 33
27 32 39
10 11 36
12 27 36
34 35 37
36 38 39
24 30 37
26 33 37

graph
40
4 12 22
6 13 16
4 7 11
7 8 20
0 2 14
14 16 20
1 15 23
2 3 17
3 9 22
8 11 13
11 24 34
2 9 10
0 18 27
1 9 21
4 5 15
6 14 17
1 5 19
7 15 19
12 19 21
16 17 18
3 5 21
13 18 20
0 8 25
6 26 28
10 30 38
22 30 32
23 33 34
12 29 38
23 29 32
27 28 31
24 25 35
29 33 35
25 28 39
26 31 39
10 26 36
30 31 36
34 35 37
36 38 39
24 27 37
32 33 37

graph
40
4 12 22
6 13 16
4 7 11
7 8 20
0 2 14
14 16 20
1 15 23
2 3 17
3 9 22
8 11 13
24 30 34
2 9 26
0 18 24
1 9 21
4 5 15
6 14 17
1 5 19
7 15 19
12 19 21
16 17 18
3 5 21
13 18 20
0 8 25
6 28 34
10 12 38
22 27 29
11 30 32
25 28 32
23 27 31
25 33 38
10 26 39
28 33 39
26 27 35
29 31 35
10 23 36
32 33 36
34 35 37
36 38 39
24 29 37
30 31 37

graph
40
4 12 22
6 13 16
4 7 11
7 8 20
0 2 14
14 16 20
1 15 34
2 3 17
3 9 22
8 11 13
23 28 38
2 9 24
0 18 35
1 9 21
4 5 15
6 14 17
1 5 19
7 15 19
12 19 21
16 17 18
3 5 21
13 18 20
0 8 29
10 27 34
11 25 28
24 27 33
30 32 35
23 25 39
10 24 31
22 31 33
26 31 39
28 29 30
26 33 38
25 29 32
6 23 36
12 26 36
34 35 37
36 38 39
10 32 37
27 30 37

graph
40
4 12 22
6 13 16
4 7 11
7 8 20
0 2 14
14 16 20
1 15 23
2 3 17
3 9 22
8 11 13
23 28 32
2 9 34
0 18 26
1 9 21
4 5 15
6 14 17
1 5 19
7 15 19
12 19 21
16 17 18
3 5 21
13 18 20
0 8 35
6 10 27
25 28 34
24 27 38
12 30 32
23 25 30
10 24 39
31 33 35
26 27 31
29 30 39
10 26 33
29 32 38
11 24 36
22 29 36
34 35 37
36 38 39
25 33 37
28 31 37

koniec
